167 175
174 200
183 224
190 248
199 270
215 288
237 301
260 311
286 311
309 302
329 286
346 266
357 244
360 218
357 192
356 167
354 141
172 164
180 149
196 144
213 141
230 144
261 136
278 129
295 125
312 125
327 131
249 154
251 171
253 188
255 205
242 217
250 220
260 222
269 216
278 211
198 165
206 157
218 155
229 161
219 164
208 166
276 152
284 143
296 141
305 146
298 149
287 151
233 249
243 243
254 239
266 239
277 235
293 235
308 236
297 251
284 257
272 261
260 261
247 259
239 249
256 244
267 243
279 240
303 238
281 249
269 251
258 251
