193 101
195 116
197 131
200 144
206 157
215 167
227 176
241 182
254 182
266 179
274 169
280 159
285 147
287 135
288 124
288 112
287 100
210 99
216 94
225 92
234 92
243 94
260 93
266 90
273 88
280 88
284 93
251 103
253 112
254 122
255 132
241 134
248 136
254 138
259 136
264 132
220 105
226 103
231 103
236 105
231 106
225 106
262 103
267 100
272 99
277 101
272 102
267 103
229 147
238 147
247 147
253 147
258 146
264 145
270 144
265 150
259 153
254 154
247 154
239 152
232 148
247 150
253 150
258 149
268 145
259 148
254 149
247 149
