281 117
281 132
282 147
284 163
291 176
301 188
313 197
326 204
339 204
350 201
360 191
367 180
373 167
377 153
378 139
379 126
380 112
294 110
301 105
310 103
320 105
329 108
345 107
354 104
361 101
370 102
374 107
338 116
339 128
340 140
341 152
329 154
334 156
339 159
344 156
348 152
306 118
311 114
318 114
323 118
317 120
311 120
348 116
353 111
360 111
364 114
360 117
354 117
317 166
326 168
333 168
339 169
344 168
349 166
356 163
350 171
345 175
339 177
333 176
325 174
320 167
333 170
339 171
344 169
353 165
344 170
339 172
333 171
