178 197
182 223
187 248
191 272
201 294
216 313
235 327
258 338
285 338
311 333
332 318
350 301
363 279
369 255
370 229
369 203
367 177
192 180
199 164
216 158
233 161
249 167
280 164
297 155
314 149
333 151
343 165
268 184
270 201
273 217
275 235
256 243
265 246
276 249
286 244
295 240
216 193
223 186
234 185
245 190
235 195
224 196
294 186
303 180
314 178
323 183
316 188
305 188
243 277
254 269
266 266
277 267
289 264
300 264
311 271
302 280
291 287
279 289
267 289
255 287
249 277
266 274
278 274
290 272
305 271
289 273
278 275
266 275
