252 188
252 218
254 247
257 277
265 303
281 325
305 341
332 355
362 362
394 360
424 353
450 341
468 322
479 296
487 267
493 237
499 206
276 169
288 150
310 141
333 143
355 152
395 153
419 148
443 150
465 162
475 183
374 174
372 187
370 200
368 214
349 236
358 238
367 239
377 240
388 239
303 178
315 171
329 172
343 181
329 181
314 181
404 185
418 177
432 179
445 188
432 189
417 188
327 276
343 267
357 263
367 266
377 265
392 272
409 283
391 292
376 293
365 293
354 291
341 286
333 276
356 274
366 275
376 275
402 282
376 279
366 279
356 277
