304 120
306 136
309 153
312 169
317 184
327 197
339 207
353 216
367 218
382 216
394 206
406 195
415 182
420 166
422 150
425 134
426 118
314 114
322 105
334 104
345 107
356 111
373 109
384 104
394 102
405 103
413 111
364 119
364 129
365 140
365 150
354 156
359 158
365 161
371 158
376 156
331 119
337 116
344 116
350 120
343 121
337 120
381 120
387 116
393 116
399 119
394 121
388 121
343 174
352 172
359 171
366 173
373 171
380 172
389 174
380 180
373 182
365 183
359 183
351 180
346 175
359 175
366 176
373 175
386 175
372 176
365 177
359 176
