340 187
342 209
346 231
350 252
356 273
367 290
383 304
402 316
424 319
448 318
472 310
492 297
507 277
512 252
512 226
512 199
510 173
345 173
351 157
365 148
381 146
397 149
423 144
441 136
460 134
477 140
489 153
411 166
411 179
411 193
412 207
399 225
408 227
416 228
425 225
433 222
363 178
371 171
382 168
394 174
384 177
372 180
437 169
447 160
458 159
468 164
459 168
448 169
389 261
400 253
409 249
417 250
427 247
440 249
457 254
443 264
432 268
421 270
412 270
402 267
395 260
409 255
418 255
428 253
450 255
430 256
420 258
411 257
