272 218
279 244
289 270
298 296
311 319
330 339
352 354
375 367
402 367
427 358
444 338
458 316
470 292
475 266
474 238
472 209
468 181
285 206
291 189
307 179
326 175
345 177
384 172
400 163
417 160
435 164
447 176
369 196
372 215
376 233
379 253
358 261
370 263
383 266
394 259
404 253
308 210
316 201
328 199
341 205
329 209
317 211
399 197
409 186
421 183
432 188
423 193
411 195
341 294
355 284
370 280
385 280
399 276
416 274
431 279
422 300
406 313
391 317
376 317
358 312
346 294
372 287
387 286
400 282
426 280
403 299
388 303
373 304
