275 197
279 219
285 241
293 262
305 282
322 298
340 314
360 327
381 327
402 320
421 304
439 286
454 265
461 240
460 213
457 186
453 161
281 189
287 176
301 169
317 168
332 170
364 165
380 156
396 150
413 149
427 158
352 184
355 201
358 217
361 234
347 242
356 244
366 246
374 240
383 234
301 195
310 190
321 187
332 190
322 194
312 196
380 182
389 175
399 173
409 174
401 179
391 181
337 266
348 261
359 257
369 257
378 253
392 253
407 252
396 264
384 273
373 276
363 277
351 274
342 267
360 265
370 264
380 261
401 254
381 261
371 264
361 265
