190 176
191 211
194 246
200 281
212 313
229 339
252 364
280 384
312 390
346 385
377 365
403 339
423 309
433 274
438 237
444 200
447 164
203 142
221 132
243 133
265 139
285 149
334 148
357 134
381 126
407 127
427 139
310 175
310 200
310 227
310 252
288 264
299 268
310 272
322 268
333 264
225 175
241 167
259 168
273 181
257 184
239 184
348 178
364 165
383 162
399 170
385 180
367 181
262 309
278 298
296 292
309 296
324 292
343 299
361 309
345 329
325 336
310 337
294 336
277 327
271 311
296 309
310 310
324 309
352 311
324 312
309 313
295 312
