174 116
177 132
181 147
186 163
191 178
199 191
211 202
226 211
242 212
259 208
274 196
285 183
294 168
298 151
300 134
301 117
300 100
176 101
183 94
195 93
206 95
218 100
238 98
250 92
262 87
275 86
286 91
229 111
230 123
231 134
231 146
223 155
228 157
233 158
239 156
245 153
189 115
196 109
206 109
214 116
205 119
195 119
249 112
257 105
267 104
275 108
268 114
258 115
213 178
220 172
229 168
235 170
241 167
251 170
261 174
253 183
244 187
236 188
230 188
221 185
217 178
229 177
235 177
242 176
257 175
242 176
236 177
229 177
