411 410
421 478
433 544
442 609
458 672
495 721
550 754
617 776
688 782
756 774
815 748
861 709
890 656
905 594
913 532
921 468
924 403
466 322
497 287
544 270
592 278
638 299
741 301
782 282
827 275
869 291
895 329
690 363
691 401
693 441
694 480
653 524
672 530
692 535
710 531
727 525
516 381
545 358
582 359
614 384
580 391
543 392
754 388
786 363
821 364
847 387
822 397
786 395
592 623
627 587
667 569
694 574
721 568
754 587
784 621
756 650
722 661
693 663
664 661
626 650
610 621
666 608
693 608
720 608
766 620
720 617
694 618
667 617
