734 444
744 554
764 661
787 763
828 860
895 947
973 1023
1058 1085
1154 1098
1242 1076
1305 1003
1361 924
1412 841
1445 751
1463 656
1479 562
1486 466
809 407
875 386
949 397
1017 423
1084 459
1236 460
1294 427
1352 400
1416 381
1474 396
1161 529
1162 602
1163 677
1166 750
1096 777
1128 790
1162 804
1194 789
1221 772
899 510
946 486
1006 492
1050 533
997 545
939 541
1258 530
1303 490
1359 482
1401 502
1367 536
1312 540
1010 878
1066 863
1119 852
1157 864
1195 850
1240 858
1287 874
1245 932
1202 956
1160 963
1118 960
1062 937
1039 887
1118 893
1157 897
1196 890
1262 882
1199 893
1159 900
1120 896
