183 152
184 172
187 191
191 211
198 231
208 249
220 265
235 280
254 285
275 284
296 273
315 258
329 239
338 217
342 193
343 170
342 146
181 128
189 122
201 123
212 126
224 131
263 131
276 124
291 121
306 121
321 127
243 148
243 166
242 183
242 201
231 208
238 211
246 214
254 211
263 207
195 148
203 141
215 141
224 151
213 153
202 153
272 150
282 141
294 140
304 146
295 151
283 151
219 232
229 229
240 227
249 229
257 226
273 227
291 227
275 242
261 247
251 249
241 248
230 244
224 234
240 237
249 238
258 236
285 230
259 236
250 238
241 237
