222 102
225 138
232 174
239 208
249 243
269 274
296 300
327 320
360 326
393 319
420 298
442 273
459 242
468 210
475 176
482 140
483 105
250 76
271 70
293 72
313 79
331 89
387 87
407 78
428 73
449 72
470 78
361 111
361 135
362 159
362 183
340 198
351 202
362 206
373 203
382 200
279 111
293 104
311 105
324 115
309 119
292 118
398 117
413 106
431 104
445 112
432 119
415 119
313 241
332 232
348 225
362 230
376 226
390 232
406 241
391 258
376 266
361 268
347 267
330 259
323 243
348 239
362 240
375 240
396 243
375 242
362 243
348 242
