205 128
208 153
213 177
220 202
229 224
243 246
261 263
281 276
304 280
329 274
352 260
374 245
391 225
401 200
407 174
411 148
413 121
218 91
231 83
247 82
262 86
276 93
321 89
338 81
356 79
373 83
387 93
298 113
298 130
298 147
298 163
283 180
291 183
300 184
308 182
316 179
236 118
246 107
261 107
273 119
260 122
246 123
329 117
342 104
357 104
369 115
358 120
343 120
266 221
279 211
292 203
301 205
310 202
325 208
338 216
326 228
313 234
302 235
293 235
279 232
273 221
293 217
302 216
311 215
331 217
311 219
302 220
293 220
