154 171
156 193
160 216
163 238
169 258
179 277
194 292
212 306
234 310
257 307
279 295
297 280
311 261
319 238
324 214
329 190
333 165
163 153
173 144
188 143
202 146
216 152
249 150
264 144
279 140
295 141
308 148
232 168
232 183
231 199
230 214
218 224
224 227
232 229
240 226
247 224
181 171
190 164
201 165
210 173
200 175
189 175
259 171
268 163
279 162
289 168
280 172
270 173
203 252
213 245
223 242
232 245
243 243
254 246
267 252
255 262
243 266
232 267
222 265
212 261
209 253
223 251
233 253
243 252
261 253
242 253
232 254
222 252
