410 255
409 295
417 334
429 373
442 412
458 449
480 481
505 507
542 514
584 509
631 486
676 455
712 418
737 376
752 329
757 282
760 235
402 213
418 196
441 196
466 204
490 218
559 215
593 202
628 194
664 197
695 212
521 250
517 280
512 310
507 339
494 358
504 365
516 370
532 364
549 358
434 249
450 236
475 237
493 255
471 260
448 260
582 254
602 238
629 237
650 250
631 261
606 260
478 411
491 396
508 390
521 395
538 391
565 397
599 409
566 429
540 438
522 440
508 438
492 428
488 413
509 410
522 412
539 410
586 411
538 413
521 415
508 414
