210 117
208 132
209 149
213 164
220 179
227 193
236 206
245 218
258 224
275 223
294 216
313 205
328 190
336 171
342 151
345 129
347 107
207 94
213 89
222 90
230 93
239 98
261 96
275 90
289 86
305 88
318 94
250 111
248 124
246 136
243 149
240 158
244 160
249 162
255 160
262 158
217 112
223 106
232 107
240 114
231 116
222 116
275 114
282 106
293 106
302 111
295 116
284 116
236 179
240 175
246 174
252 176
259 174
271 176
284 181
272 191
261 195
254 195
247 194
241 189
239 181
247 179
252 180
259 180
280 182
260 186
253 186
247 184
